-66.3333	-66.1495
-66.3378	-66.1483
-66.6667	-66.0405
-67.0000	-66.0362
-67.3333	-66.0732
-67.6667	-66.0787
-68.0000	-66.1186
-68.3308	-66.1483
-68.3333	-66.1486
-68.3348	-66.1483
-68.6667	-66.0283
-68.6891	-66.0132
-68.8198	-65.8773
-69.0000	-65.8187
-69.1403	-65.7407
-69.2268	-65.6034
-69.2520	-65.4654
-69.2054	-65.3266
-69.0690	-65.1871
-69.0000	-65.1343
-68.8648	-65.0468
-68.6667	-64.9586
-68.5124	-64.9058
-68.3333	-64.8549
-68.0000	-64.7744
-67.9508	-64.7641
-67.6667	-64.6699
-67.5484	-64.6216
-67.3333	-64.5536
-67.0366	-64.4783
-67.0000	-64.4699
-66.6667	-64.4288
-66.3333	-64.3729
-66.2689	-64.3343
-66.0477	-64.1896
-66.0000	-64.1459
-65.8957	-64.0441
-65.7135	-63.8978
-65.6667	-63.8833
-65.3333	-63.8421
-65.0000	-63.8453
-64.6667	-63.8457
-64.3333	-63.7766
-64.0807	-63.7508
-64.0000	-63.7433
-63.9572	-63.7508
-63.6667	-63.8195
-63.5427	-63.8978
-63.6173	-64.0441
-63.6667	-64.0982
-63.7828	-64.1896
-63.9018	-64.3343
-63.9231	-64.4783
-63.9475	-64.6216
-63.6667	-64.7024
-63.5897	-64.7641
-63.4974	-64.9058
-63.5954	-65.0468
-180.0000	-65.3229
-179.6667	-65.3051
-179.3333	-65.2920
-179.0000	-65.2979
-178.6667	-65.3146
-178.3333	-65.3253
-178.2887	-65.3266
-178.0000	-65.3349
-177.6667	-65.3447
-177.3333	-65.3597
-177.0000	-65.3662
-176.6667	-65.3555
-176.3333	-65.3506
-176.0000	-65.3426
-175.7381	-65.3266
-175.6667	-65.3219
-175.3333	-65.2833
-175.0000	-65.2454
-174.6667	-65.1997
-174.5811	-65.1871
-174.3333	-65.1536
-174.0000	-65.1082
-173.6667	-65.0613
-173.5627	-65.0468
-173.3333	-65.0143
-173.0000	-64.9697
-172.6667	-64.9246
-172.5076	-64.9058
-172.3333	-64.8874
-172.0000	-64.8507
-171.6667	-64.8145
-171.3333	-64.7719
-171.2634	-64.7641
-171.0000	-64.7338
-170.6667	-64.6920
-170.3333	-64.6441
-170.1990	-64.6216
-170.0000	-64.5891
-169.6667	-64.5329
-169.3667	-64.4783
-169.3333	-64.4723
-169.0000	-64.4094
-168.6667	-64.3461
-168.5944	-64.3343
-168.3333	-64.2929
-168.0000	-64.2440
-167.6667	-64.1924
-167.6517	-64.1896
-167.3333	-64.1336
-167.0000	-64.0741
-166.8398	-64.0441
-166.6667	-64.0143
-166.3333	-63.9558
-166.0056	-63.8978
-166.0000	-63.8968
-165.6667	-63.8440
-165.3333	-63.7921
-165.0804	-63.7508
-165.0000	-63.7378
-164.6667	-63.6818
-164.3333	-63.6237
-164.2167	-63.6029
-164.0000	-63.5649
-163.6667	-63.5050
-163.3669	-63.4544
-163.3333	-63.4486
-163.0000	-63.3994
-162.6667	-63.3584
-162.3333	-63.3204
-162.2004	-63.3050
-162.0000	-63.2849
-161.6667	-63.2528
-161.3333	-63.2190
-161.0000	-63.1814
-160.7644	-63.1549
-160.6667	-63.1435
-160.3333	-63.1064
-160.0000	-63.0712
-159.6667	-63.0373
-159.3336	-63.0040
-159.3333	-63.0039
-159.0000	-62.9685
-158.6667	-62.9310
-158.3333	-62.8884
-158.0950	-62.8522
-158.0000	-62.8392
-157.6667	-62.7877
-157.3333	-62.7146
-157.2682	-62.6998
-157.0000	-62.6338
-156.7224	-62.5465
-156.6667	-62.5274
-156.3333	-62.4199
-156.2423	-62.3924
-156.0000	-62.3040
-155.7749	-62.2375
-155.6667	-62.2044
-155.3333	-62.1238
-155.1491	-62.0819
-155.0000	-62.0417
-154.6867	-61.9254
-154.6667	-61.9173
-154.3683	-61.7681
-154.3333	-61.7516
-154.0553	-61.6100
-154.0000	-61.5891
-153.6793	-61.4511
-153.6667	-61.4458
-153.3333	-61.2916
-153.3330	-61.2914
-153.0408	-61.1309
-153.0000	-61.0969
-152.8314	-60.9696
-152.7018	-60.8074
-152.6667	-60.7279
-152.6242	-60.6444
-152.5817	-60.4806
-152.4747	-60.3159
-152.3333	-60.1947
-152.2880	-60.1504
-152.0000	-60.0438
-151.8358	-59.9841
-151.6667	-59.9281
-151.3522	-59.8169
-151.3333	-59.8101
-151.0000	-59.6905
-150.9155	-59.6489
-150.7527	-59.4801
-150.6667	-59.4064
-150.5286	-59.3104
-150.3333	-59.2277
-150.0967	-59.1398
-150.0000	-59.1161
-149.6667	-59.0121
-149.5466	-58.9684
-149.3333	-58.8892
-149.0633	-58.7961
-149.0000	-58.7745
-148.6667	-58.6771
-148.4032	-58.6230
-148.3333	-58.5899
-148.0000	-58.4674
-147.9252	-58.4490
-147.6667	-58.3278
-147.5545	-58.2742
-147.4457	-58.0984
-147.3333	-58.0745
-147.0000	-58.0076
-146.6667	-57.9484
-146.4688	-57.9218
-146.3333	-57.9112
-146.0000	-57.8950
-145.6667	-57.8903
-145.3333	-57.9001
-145.1083	-57.9218
-145.0000	-57.9442
-144.6667	-58.0832
-144.6442	-58.0984
-144.4475	-58.2742
-144.3333	-58.3031
-144.0000	-58.3450
-143.6667	-58.3864
-143.3333	-58.4163
-143.0000	-58.4421
-142.9349	-58.4490
-142.6667	-58.4841
-142.3333	-58.5562
-142.1591	-58.6230
-142.0000	-58.7156
-141.8678	-58.7961
-141.6667	-58.8985
-141.4975	-58.9684
-141.3333	-59.0148
-141.0000	-59.0860
-140.7299	-59.1398
-140.6667	-59.1528
-140.3333	-59.2270
-140.0000	-59.3009
-139.9567	-59.3104
-139.6667	-59.4454
-139.5938	-59.4801
-139.5151	-59.6489
-139.6149	-59.8169
-139.6667	-59.8695
-139.8284	-59.9841
-139.9068	-60.1504
-139.7644	-60.3159
-139.6667	-60.3589
-139.3333	-60.4698
-139.2874	-60.4806
-139.0000	-60.5362
-138.6667	-60.6042
-138.4374	-60.6444
-138.3333	-60.6602
-138.0000	-60.7158
-137.6667	-60.7811
-137.5472	-60.8074
-137.3333	-60.8823
-137.1532	-60.9696
-137.0000	-61.1208
-136.9906	-61.1309
-136.9284	-61.2914
-136.8390	-61.4511
-136.7712	-61.6100
-136.6667	-61.7044
-136.5990	-61.7681
-136.4464	-61.9254
-136.3889	-62.0819
-136.4132	-62.2375
-136.4282	-62.3924
-136.4378	-62.5465
-136.4405	-62.6998
-136.4048	-62.8522
-136.3333	-62.9110
-136.2465	-63.0040
-136.1067	-63.1549
-136.0234	-63.3050
-136.0000	-63.3664
-135.9727	-63.4544
-135.9335	-63.6029
-135.8934	-63.7508
-135.8623	-63.8978
-135.8752	-64.0441
-135.8688	-64.1896
-135.8187	-64.3343
-135.7906	-64.4783
-135.7541	-64.6216
-135.7162	-64.7641
-135.6880	-64.9058
-135.6667	-64.9895
-135.6504	-65.0468
-135.6490	-65.1871
-135.5593	-65.3266
-135.4460	-65.4654
-135.3333	-65.5661
-135.2981	-65.6034
-135.2318	-65.7407
-135.1279	-65.8773
-135.0406	-66.0132
-135.0000	-66.0958
-134.9763	-66.1483
-135.0000	-66.1690
-135.1557	-66.2828
-135.0736	-66.4165
-135.0000	-66.4983
-134.9611	-66.5495
-134.8539	-66.6818
-134.6667	-66.8115
-134.6630	-66.8134
-134.5307	-66.9443
-134.4318	-67.0745
-134.4083	-67.2040
-134.3333	-67.2121
-134.0000	-67.3040
-133.9342	-67.3328
-134.0000	-67.4421
-134.0052	-67.4609
-60.7523	-65.0468
-60.8497	-64.9058
-60.8327	-64.7641
-61.0000	-64.6717
-61.0052	-64.6216
-61.0000	-64.5749
-60.7713	-64.4783
-60.6667	-64.4624
-60.4762	-64.3343
-60.3333	-64.2849
-60.0000	-64.2398
-59.6667	-64.2414
-59.3679	-64.3343
-59.3333	-64.3506
-59.0000	-64.3962
-58.9528	-64.3343
-58.9004	-64.1896
-58.9161	-64.0441
-58.9639	-63.8978
-58.8694	-63.7508
-58.7999	-63.6029
-58.6667	-63.5073
-58.6074	-63.4544
-58.4682	-63.3050
-58.3880	-63.1549
-58.3999	-63.0040
-58.4749	-62.8522
-58.6667	-62.7095
-58.7161	-62.6998
-58.8064	-62.5465
-58.6714	-62.3924
-58.6667	-62.3909
-58.3333	-62.2450
-58.3092	-62.2375
-58.0000	-62.1377
-57.6667	-62.0935
-57.6226	-62.0819
-57.3333	-62.0036
-57.1211	-61.9254
-57.0591	-61.7681
-57.0839	-61.6100
-57.0000	-61.4975
-56.9680	-61.4511
-56.6667	-61.2927
-56.6636	-61.2914
-56.3333	-61.1524
-56.2911	-61.1309
-56.0000	-61.0090
-55.9138	-60.9696
-55.6667	-60.8370
-55.5877	-60.8074
-55.3333	-60.7537
-55.0000	-60.7065
-54.6988	-60.6444
-54.6667	-60.6374
-54.3333	-60.5373
-54.1796	-60.4806
-54.0294	-60.3159
-54.0000	-60.2401
-53.9329	-60.1504
-53.6667	-60.0349
-53.3861	-59.9841
-53.3333	-59.9749
-53.3000	-59.9841
-53.0000	-60.0914
-52.8847	-60.1504
-52.6667	-60.1917
-52.3333	-60.1897
-52.0236	-60.1504
-52.0000	-60.1469
-51.6667	-60.0427
-51.5144	-59.9841
-51.3333	-59.9042
-51.1656	-59.8169
-51.0000	-59.6913
-50.9542	-59.6489
-50.8418	-59.4801
-50.7445	-59.3104
-50.6667	-59.2259
-50.5845	-59.1398
-50.4848	-58.9684
-50.3333	-58.8064
-50.3232	-58.7961
-50.0042	-58.6230
-50.0000	-58.6222
-49.6667	-58.5887
-49.3333	-58.5884
-49.0000	-58.6086
-48.8485	-58.6230
-48.6667	-58.6483
-48.3333	-58.7045
-48.0000	-58.7698
-47.8840	-58.7961
-47.6667	-58.8623
-47.3431	-58.9684
-47.3333	-58.9720
-47.0000	-59.1375
-46.9953	-59.1398
-46.6667	-59.2852
-46.5935	-59.3104
-46.3333	-59.3912
-46.0379	-59.4801
-46.0000	-59.4889
-45.6667	-59.5418
-45.3333	-59.5796
-45.0000	-59.5878
-44.6667	-59.5627
-44.3629	-59.4801
-44.3333	-59.4672
-44.1379	-59.3104
-44.0000	-59.1812
-43.9603	-59.1398
-43.9792	-58.9684
-44.0000	-58.9241
-44.0876	-58.7961
-44.3297	-58.6230
-44.3333	-58.6215
-44.6667	-58.5348
-44.8471	-58.4490
-44.7533	-58.2742
-44.6667	-58.2220
-44.3452	-58.0984
-44.3333	-58.0867
-44.0000	-58.0924
-43.9864	-58.0984
-43.6667	-58.1578
-43.3333	-58.2104
-43.0000	-58.2000
-42.6667	-58.1656
-42.3333	-58.1106
-42.2802	-58.0984
-42.0000	-57.9453
-41.6667	-57.9406
-41.3333	-58.0408
-41.1014	-58.0984
-41.0000	-58.1199
-40.6667	-58.1644
-40.3333	-58.1955
-40.0000	-58.2326
-39.6667	-58.2513
-39.3333	-58.2726
-39.3028	-58.2742
-39.0000	-58.2910
-38.8689	-58.2742
-38.6667	-58.2310
-38.4584	-58.0984
-38.3333	-58.0125
-38.2314	-57.9218
-38.0485	-57.7444
-38.0000	-57.6997
-37.8064	-57.5660
-37.6667	-57.4670
-37.4952	-57.3868
-37.3333	-57.2711
-37.2076	-57.2067
-37.0000	-57.0937
-36.6667	-57.0762
-36.3333	-57.1816
-36.2805	-57.2067
-36.0000	-57.2949
-35.6667	-57.3723
-35.5798	-57.3868
-35.3333	-57.4186
-35.0000	-57.4347
-34.6667	-57.4266
-34.4035	-57.3868
-34.3333	-57.3736
-34.0000	-57.2729
-33.8039	-57.2067
-33.6667	-57.1493
-33.3536	-57.0258
-33.3333	-57.0173
-33.0000	-56.9153
-32.6667	-56.8704
-32.3333	-56.8699
-32.0000	-56.9307
-31.6667	-56.9675
-31.5014	-56.8439
-31.3472	-56.6611
-31.3333	-56.6399
-31.2218	-56.4775
-31.1163	-56.2930
-31.0128	-56.1075
-31.3172	-55.9212
-31.2004	-55.7340
-31.1158	-55.5459
-31.2162	-55.3568
-31.3333	-55.2963
-31.5769	-55.1669
-31.6667	-55.1250
-31.8704	-54.9760
-32.0000	-54.7938
-32.0050	-54.7843
-32.0048	-54.5916
-32.0000	-54.5869
-31.7251	-54.3980
-31.6667	-54.3570
-31.3333	-54.2649
-31.0000	-54.2258
-30.6667	-54.2133
-30.3333	-54.2332
-30.0000	-54.3214
-29.8844	-54.3980
-29.6667	-54.4553
-29.3333	-54.5267
-29.0000	-54.5760
-28.8840	-54.5916
-28.6667	-54.6223
-28.3333	-54.6273
-28.0000	-54.6652
-27.6667	-54.7303
-27.3904	-54.7843
-27.3333	-54.7938
-27.0000	-54.8722
-26.7275	-54.9760
-26.6667	-55.0045
-26.4389	-55.1669
-26.3333	-55.3403
-26.3250	-55.3568
-26.2137	-55.5459
-26.0246	-55.7340
-26.0000	-55.7513
-25.7608	-55.9212
-25.6667	-55.9723
-25.3833	-56.1075
-25.3333	-56.1302
-25.0000	-56.2793
-24.9736	-56.2930
-24.6667	-56.4620
-24.6409	-56.4775
-24.3776	-56.6611
-24.3333	-56.6972
-24.1333	-56.8439
-24.0000	-56.9925
-23.9674	-57.0258
-23.8051	-57.2067
-23.6912	-57.3868
-23.6667	-57.4208
-23.5492	-57.5660
-23.3998	-57.7444
-23.3333	-57.8154
-23.1802	-57.9218
-23.0000	-58.0407
-22.8189	-58.0984
-22.6667	-58.1584
-22.3333	-58.1513
-22.1884	-58.0984
-22.0000	-58.0191
-21.8277	-57.9218
-21.6667	-57.8020
-21.5752	-57.7444
-21.3921	-57.5660
-21.3438	-57.3868
-21.4530	-57.2067
-21.5178	-57.0258
-21.5198	-56.8439
-21.3333	-56.8216
-21.0874	-56.8439
-21.0000	-56.8643
-20.6667	-56.9484
-20.4295	-57.0258
-20.3333	-57.1904
-20.3188	-57.2067
-20.3333	-57.2117
-20.5724	-57.3868
-20.4668	-57.5660
-20.3333	-57.6004
-20.0000	-57.6671
-19.6667	-57.7166
-19.5016	-57.7444
-19.3333	-57.7619
-19.0000	-57.8112
-18.6667	-57.8722
-18.4929	-57.9218
-18.3333	-57.9484
-18.0000	-58.0086
-17.6667	-58.0610
-17.3333	-58.0847
-17.0000	-58.0650
-16.6667	-57.9946
-16.3490	-57.9218
-16.3333	-57.9181
-16.0000	-57.8585
-15.6667	-57.8218
-15.3333	-57.8077
-15.0000	-57.8119
-14.6667	-57.8377
-14.3333	-57.8729
-14.0000	-57.9185
-13.9672	-57.9218
-13.6667	-57.9468
-13.3333	-58.0013
-13.0000	-58.0062
-12.6667	-57.9694
-12.3333	-57.9286
-12.2977	-57.9218
-12.0000	-57.8652
-11.6667	-57.8102
-11.3333	-57.7587
-11.2032	-57.7444
-11.0000	-57.7179
-10.6667	-57.6993
-10.3333	-57.6940
-10.0000	-57.6942
-9.6667	-57.7063
-9.3333	-57.7124
-9.0000	-57.6961
-8.6667	-57.6312
-8.4358	-57.5660
-8.6667	-57.4144
-8.7019	-57.3868
-8.6667	-57.3704
-8.3740	-57.2067
-8.3333	-57.1658
-8.1924	-57.0258
-8.0264	-56.8439
-8.0000	-56.8358
-7.6667	-56.7641
-7.3333	-56.7057
-7.0655	-56.6611
-7.0000	-56.6484
-6.6667	-56.5984
-6.3333	-56.5529
-6.0000	-56.4885
-5.9507	-56.4775
-5.6667	-56.4053
-5.3333	-56.3367
-5.1620	-56.2930
-5.0000	-56.2551
-4.6667	-56.1921
-4.3333	-56.1393
-4.1221	-56.1075
-4.0000	-56.0841
-3.6667	-56.0396
-3.3333	-56.0047
-3.0000	-55.9753
-2.6667	-55.9572
-2.3333	-55.9266
-2.2860	-55.9212
-2.0000	-55.8833
-1.6667	-55.8360
-1.3333	-55.7698
-1.1699	-55.7340
-1.0000	-55.6928
-0.6667	-55.6013
-0.4347	-55.5459
-0.3333	-55.5258
0.0000	-55.4536
0.3333	-55.3812
0.4443	-55.3568
0.6667	-55.2448
0.8333	-55.1669
1.0000	-55.0723
1.1729	-54.9760
1.3333	-54.8810
1.5144	-54.7843
1.6667	-54.7037
1.9893	-54.5916
2.0000	-54.5885
2.3333	-54.5338
2.6667	-54.5122
3.0000	-54.4942
3.3333	-54.4539
3.6667	-54.4052
3.6884	-54.3980
4.0000	-54.3262
4.3333	-54.2634
4.6667	-54.2269
4.8900	-54.2035
5.0000	-54.1906
5.3333	-54.1400
5.6667	-54.0892
6.0000	-54.0571
6.3333	-54.0083
6.3357	-54.0081
6.6667	-53.9625
7.0000	-53.9106
7.3333	-53.8504
7.5544	-53.8117
7.6667	-53.7836
8.0000	-53.7018
8.3333	-53.6510
8.6667	-53.6273
9.0000	-53.6242
9.3333	-53.6212
9.4144	-53.6144
9.6667	-53.5966
10.0000	-53.5410
10.3333	-53.4568
10.4634	-53.4162
10.6667	-53.3011
10.9092	-53.2171
11.0000	-53.1938
11.3333	-53.1363
11.6667	-53.1178
12.0000	-53.1087
12.3333	-53.0859
12.6667	-53.0644
13.0000	-53.0389
13.3333	-53.0422
13.6667	-53.0362
14.0000	-53.0329
14.3333	-53.0195
14.3621	-53.0170
14.6667	-52.9906
15.0000	-52.9593
15.3333	-52.9276
15.6667	-52.9055
16.0000	-52.9061
16.3333	-52.9070
16.6667	-52.9065
17.0000	-52.9003
17.3333	-52.8863
17.6667	-52.8887
18.0000	-52.9114
18.3333	-52.9739
18.6069	-53.0170
18.6667	-53.0258
19.0000	-53.0345
19.1247	-53.0170
19.3333	-52.9869
19.6667	-52.9532
20.0000	-52.9418
20.3333	-52.9442
20.6667	-52.9581
21.0000	-52.9999
21.1709	-53.0170
21.3333	-53.0381
21.6667	-53.0891
22.0000	-53.1293
22.3333	-53.1520
22.6667	-53.1884
22.8653	-53.2171
23.0000	-53.2478
23.3333	-53.3153
23.6667	-53.3078
24.0000	-53.2849
24.3333	-53.2878
24.6667	-53.2623
24.9071	-53.2171
25.0000	-53.2026
25.3333	-53.1702
25.6667	-53.2135
25.6727	-53.2171
25.8723	-53.4162
26.0000	-53.5059
26.1239	-53.6144
26.3333	-53.7783
26.3797	-53.8117
26.6075	-54.0081
26.6667	-54.0819
26.7769	-54.2035
26.9257	-54.3980
26.9973	-54.5916
26.8179	-54.7843
26.6744	-54.9760
26.6667	-55.0022
26.6332	-55.1669
26.6354	-55.3568
26.6667	-55.3985
26.8449	-55.5459
27.0000	-55.6367
27.2212	-55.7340
27.3333	-55.7864
27.5912	-55.9212
27.6667	-55.9923
27.7921	-56.1075
27.8763	-56.2930
28.0000	-56.4712
28.0055	-56.4775
28.2466	-56.6611
28.3333	-56.7063
28.5785	-56.8439
28.6667	-56.8739
28.9538	-57.0258
29.0000	-57.0502
29.2900	-57.2067
29.3333	-57.2305
29.6667	-57.3815
29.6833	-57.3868
30.0000	-57.5045
30.1743	-57.5660
30.3333	-57.6219
30.6667	-57.7065
31.0000	-57.7397
31.3333	-57.7098
31.6667	-57.6698
32.0000	-57.6504
32.3333	-57.6708
32.6323	-57.7444
32.6667	-57.7546
33.0000	-57.8775
33.1201	-57.9218
33.3333	-58.0008
33.5945	-58.0984
33.6667	-58.1214
34.0000	-58.2174
34.2355	-58.2742
34.3333	-58.2944
34.6667	-58.3680
35.0000	-58.4460
35.0122	-58.4490
35.3333	-58.5290
35.6667	-58.5943
35.8703	-58.6230
36.0000	-58.6466
36.3333	-58.6861
36.6667	-58.6681
36.8296	-58.6230
37.0000	-58.5905
37.3333	-58.5347
37.6667	-58.5483
37.9633	-58.6230
38.0000	-58.6396
38.3055	-58.7961
38.3333	-58.8113
38.6523	-58.9684
38.6667	-58.9748
39.0000	-59.0978
39.1247	-59.1398
39.3333	-59.1821
39.6667	-59.2521
40.0000	-59.3099
40.0033	-59.3104
40.3333	-59.3780
40.6667	-59.4585
40.7408	-59.4801
41.0000	-59.5742
41.2669	-59.6489
41.3333	-59.7211
41.4566	-59.8169
41.6667	-59.9691
41.7049	-59.9841
42.0000	-60.0622
42.3333	-60.1200
42.6667	-60.1425
43.0000	-60.1240
43.3333	-60.1296
43.3840	-60.1504
43.6667	-60.1867
44.0000	-60.3066
44.0221	-60.3159
44.0000	-60.3559
43.9542	-60.4806
43.8734	-60.6444
44.0000	-60.7306
44.2115	-60.8074
44.3333	-60.8257
44.6667	-60.8327
45.0000	-60.8253
45.3333	-60.8184
45.6667	-60.8229
46.0000	-60.8562
46.3333	-60.9006
46.6667	-60.9683
46.6781	-60.9696
47.0000	-61.0103
47.3333	-61.0250
47.6214	-61.1309
47.6667	-61.1366
48.0000	-61.1767
48.3333	-61.2142
48.6667	-61.2530
49.0000	-61.2797
49.2084	-61.2914
49.3333	-61.2971
49.6667	-61.3074
50.0000	-61.3002
50.3333	-61.3005
50.5637	-61.2914
50.6667	-61.2873
51.0000	-61.2670
51.3333	-61.2368
51.6667	-61.2259
52.0000	-61.2380
52.3333	-61.2851
52.3597	-61.2914
52.6667	-61.3946
52.8065	-61.4511
53.0000	-61.5460
53.1451	-61.6100
53.3333	-61.6760
53.6098	-61.7681
53.6667	-61.7845
54.0000	-61.9051
54.0814	-61.9254
54.3333	-61.9952
54.6667	-62.0697
54.8197	-62.0819
55.0000	-62.1789
55.0279	-62.2375
55.3333	-62.3733
55.3830	-62.3924
55.6592	-62.5465
55.6667	-62.5525
55.8290	-62.6998
55.9288	-62.8522
56.0000	-62.9052
56.1827	-63.0040
56.3333	-63.0605
56.5643	-63.1549
56.6667	-63.1798
57.0000	-63.2317
57.3333	-63.2849
57.5018	-63.3050
57.6667	-63.3159
58.0000	-63.3269
58.3333	-63.3456
58.6667	-63.3742
59.0000	-63.4081
59.3333	-63.3506
59.6667	-63.3540
60.0000	-63.3523
60.3333	-63.3438
60.6667	-63.3498
61.0000	-63.3419
61.3333	-63.3611
61.6667	-63.3550
61.9737	-63.3050
62.0000	-63.3006
62.3333	-63.3033
62.3461	-63.3050
62.6667	-63.3860
62.9589	-63.4544
63.0000	-63.4590
63.3333	-63.5272
63.6667	-63.5474
64.0000	-63.5561
64.3333	-63.5513
64.6667	-63.5344
65.0000	-63.5005
65.3053	-63.4544
65.3333	-63.4468
65.6667	-63.4006
66.0000	-63.3905
66.3333	-63.3879
66.6667	-63.3911
67.0000	-63.3904
67.3333	-63.3556
67.6667	-63.3334
68.0000	-63.3084
68.0373	-63.3050
68.3333	-63.2611
68.6534	-63.1549
68.6667	-63.1502
69.0000	-63.1247
69.3333	-63.0832
69.6667	-63.0107
70.0000	-63.0730
70.0300	-63.1549
70.1629	-63.3050
70.3238	-63.4544
70.3333	-63.4575
70.6667	-63.5347
71.0000	-63.5367
71.3333	-63.4571
71.3408	-63.4544
71.5928	-63.3050
71.6667	-63.2898
72.0000	-63.1997
72.2044	-63.1549
72.3333	-63.1288
72.6209	-63.0040
72.6667	-62.9858
73.0000	-62.9605
73.3333	-62.9267
73.6667	-62.9020
74.0000	-62.8773
74.1618	-62.8522
74.3333	-62.8451
74.6667	-62.8273
75.0000	-62.8100
75.3333	-62.7945
75.6667	-62.7838
76.0000	-62.7819
76.3333	-62.7923
76.6667	-62.8174
76.9193	-62.8522
77.0000	-62.9000
77.2001	-63.0040
77.3333	-63.0680
77.6024	-63.1549
77.6667	-63.1740
78.0000	-63.2533
78.3165	-63.3050
78.3333	-63.3077
78.6667	-63.3413
79.0000	-63.3738
79.3333	-63.4086
79.6667	-63.4009
80.0000	-63.3476
80.3333	-63.3244
80.6667	-63.4051
80.9049	-63.4544
81.0000	-63.4678
81.3333	-63.4589
81.4994	-63.4544
81.6667	-63.4457
82.0000	-63.4013
82.3333	-63.3703
82.6667	-63.3583
83.0000	-63.4033
83.2204	-63.4544
83.3333	-63.4736
83.6667	-63.4765
84.0000	-63.4612
84.3333	-63.4611
84.5580	-63.4544
84.6667	-63.4514
85.0000	-63.4228
85.3333	-63.3464
85.6667	-63.3218
86.0000	-63.3901
86.3333	-63.3719
86.6218	-63.3050
86.6667	-63.2900
87.0000	-63.2501
87.3333	-63.2006
87.6073	-63.1549
87.6667	-63.1417
88.0000	-63.0085
88.0120	-63.0040
88.0000	-62.9959
87.8203	-62.8522
87.6667	-62.8390
87.3333	-62.8123
87.0000	-62.7663
86.6667	-62.7183
86.5585	-62.6998
86.6667	-62.6405
86.8291	-62.5465
87.0000	-62.4616
87.0978	-62.3924
87.1840	-62.2375
87.0000	-62.1702
86.6667	-62.1013
86.5631	-62.0819
86.5754	-61.9254
86.6313	-61.7681
86.6667	-61.7167
86.7633	-61.6100
87.0000	-61.5044
87.2239	-61.4511
87.3333	-61.4216
87.6667	-61.3963
88.0000	-61.3916
88.3333	-61.4103
88.5919	-61.4511
88.6667	-61.4564
88.8525	-61.4511
89.0000	-61.4421
89.3333	-61.3712
89.5683	-61.2914
89.6667	-61.2161
89.7410	-61.1309
89.6667	-60.9716
89.6652	-60.9696
89.5205	-60.8074
89.5409	-60.6444
89.6667	-60.5886
89.9557	-60.4806
90.0000	-60.4712
90.3333	-60.4053
90.6667	-60.3298
90.7279	-60.3159
91.0000	-60.2635
91.3333	-60.2212
91.6667	-60.1801
91.8912	-60.1504
92.0000	-60.1385
92.3333	-60.1150
92.6667	-60.1104
93.0000	-60.1218
93.3333	-60.1304
93.6667	-60.1083
94.0000	-60.0561
94.3333	-60.0021
94.4350	-59.9841
94.6667	-59.9407
95.0000	-59.8852
95.3333	-59.8434
95.5192	-59.8169
95.6667	-59.7906
96.0000	-59.7527
96.3333	-59.7331
96.6667	-59.7190
97.0000	-59.7175
97.3333	-59.7211
97.6667	-59.7125
98.0000	-59.6902
98.3144	-59.6489
98.3333	-59.6449
98.6667	-59.5517
98.9528	-59.4801
99.0000	-59.4683
99.3333	-59.4026
99.6667	-59.3448
99.8922	-59.3104
100.0000	-59.2887
100.3333	-59.2442
100.6667	-59.2374
101.0000	-59.2677
101.2297	-59.3104
101.3333	-59.3219
101.6667	-59.3731
102.0000	-59.4270
102.2843	-59.4801
102.3333	-59.4880
102.6667	-59.5628
102.9125	-59.6489
103.0000	-59.6735
103.3333	-59.7886
103.4061	-59.8169
103.6667	-59.9021
103.9238	-59.9841
104.0000	-60.0057
104.3333	-60.0904
104.5448	-60.1504
104.6667	-60.2009
104.9202	-60.3159
105.0000	-60.3625
105.2618	-60.4806
105.3333	-60.5081
105.6667	-60.5883
106.0000	-60.6191
106.3333	-60.6132
106.6667	-60.5668
107.0000	-60.4960
107.0901	-60.4806
107.3333	-60.4413
107.6667	-60.4331
107.9993	-60.4806
108.0000	-60.4807
108.3333	-60.5973
108.4467	-60.6444
108.6667	-60.7622
108.7601	-60.8074
109.0000	-60.8996
109.1972	-60.9696
109.3333	-61.0193
109.5902	-61.1309
109.6667	-61.1623
109.9767	-61.2914
110.0000	-61.2994
110.3333	-61.3777
110.6667	-61.4238
111.0000	-61.4418
111.3333	-61.4428
111.6667	-61.4399
112.0000	-61.4354
112.3333	-61.4249
112.6667	-61.4198
113.0000	-61.4312
113.1695	-61.4511
113.3333	-61.4709
113.6667	-61.5372
114.0000	-61.6079
114.0112	-61.6100
114.3333	-61.6679
114.6667	-61.7167
115.0000	-61.7625
115.0452	-61.7681
115.3333	-61.8035
115.6667	-61.8379
116.0000	-61.8600
116.3333	-61.8707
116.6667	-61.8818
117.0000	-61.8993
117.3244	-61.9254
117.3333	-61.9261
117.6667	-61.9693
118.0000	-62.0295
118.2446	-62.0819
118.3333	-62.1000
118.6667	-62.1783
118.9436	-62.2375
119.0000	-62.2485
119.3333	-62.2999
119.6667	-62.3375
120.0000	-62.3690
120.3207	-62.3924
120.3333	-62.3932
120.6667	-62.4152
121.0000	-62.4378
121.3333	-62.4590
121.6667	-62.4716
122.0000	-62.4813
122.3333	-62.4829
122.6667	-62.4923
123.0000	-62.5165
123.2116	-62.5465
123.3333	-62.5757
123.6667	-62.6704
123.7652	-62.6998
123.9849	-62.8522
124.0000	-62.8678
124.1619	-63.0040
124.3333	-63.0856
124.5403	-63.1549
124.6667	-63.1941
125.0000	-63.2879
125.0576	-63.3050
125.3333	-63.3958
125.4954	-63.4544
125.6667	-63.5167
126.0000	-63.5939
126.0547	-63.6029
126.3333	-63.6478
126.6667	-63.6798
127.0000	-63.6657
127.3333	-63.6818
127.6667	-63.6783
128.0000	-63.6743
128.3333	-63.6623
128.6667	-63.6632
129.0000	-63.6508
129.3333	-63.6435
129.6667	-63.6466
130.0000	-63.6596
130.3333	-63.6795
130.6667	-63.7023
131.0000	-63.7203
131.3333	-63.7283
131.6667	-63.7399
131.8775	-63.7508
132.0000	-63.7583
132.3333	-63.7810
132.6667	-63.8045
133.0000	-63.8282
133.3333	-63.8580
133.6667	-63.8917
133.7253	-63.8978
134.0000	-63.9316
134.3333	-63.9863
134.6667	-63.9968
134.8113	-64.0441
135.0000	-64.1487
135.1180	-64.1896
135.2251	-64.3343
135.3333	-64.4277
135.6390	-64.3343
135.6667	-64.3267
135.7031	-64.3343
135.8679	-64.4783
135.6667	-64.6087
135.6235	-64.6216
135.6667	-64.6338
135.9090	-64.7641
136.0000	-64.7907
136.1247	-64.7641
136.3333	-64.6638
136.6667	-64.7622
136.6753	-64.7641
137.0000	-64.8768
137.0463	-64.9058
137.0463	-65.0468
137.0000	-65.0598
136.8739	-65.1871
137.0000	-65.2444
137.3065	-65.3266
137.2595	-65.4654
137.1266	-65.6034
137.3309	-65.7407
137.3333	-65.7420
137.3353	-65.7407
137.5087	-65.6034
137.4402	-65.4654
137.6667	-65.3750
137.9667	-65.3266
138.0000	-65.3190
138.0947	-65.3266
138.3333	-65.3404
138.6667	-65.4005
139.0000	-65.4137
139.2207	-65.3266
139.3333	-65.1988
139.3442	-65.1871
139.3333	-65.1729
139.1317	-65.0468
139.0000	-65.0009
138.6845	-64.9058
138.6667	-64.8992
138.3905	-64.7641
138.3333	-64.7360
138.1764	-64.6216
138.0000	-64.5727
137.6667	-64.5296
137.3333	-64.4836
137.1087	-64.4783
137.3333	-64.4651
137.6051	-64.3343
137.6667	-64.3106
138.0000	-64.2525
138.0940	-64.1896
138.3333	-64.0706
138.4090	-64.0441
138.5344	-63.8978
138.6667	-63.8775
139.0000	-63.8365
139.3333	-63.8072
139.6667	-63.8009
140.0000	-63.8105
140.3333	-63.8360
140.6667	-63.8676
140.9039	-63.8978
141.0000	-63.9190
141.3333	-64.0168
141.4085	-64.0441
141.6667	-64.1795
141.6838	-64.1896
141.8605	-64.3343
141.9897	-64.4783
141.6667	-64.6183
141.6573	-64.6216
141.6667	-64.6284
141.8551	-64.7641
142.0000	-64.8280
142.2117	-64.9058
142.3333	-64.9359
142.6667	-65.0017
143.0000	-65.0464
143.0052	-65.0468
143.0000	-65.0509
142.7652	-65.1871
143.0000	-65.2041
143.3333	-65.2125
143.6667	-65.1924
143.7043	-65.1871
144.0000	-65.1041
144.3333	-65.0494
144.3481	-65.0468
144.6667	-65.0126
145.0000	-64.9653
145.3333	-64.9068
145.3389	-64.9058
145.6667	-64.7996
145.8468	-64.7641
146.0000	-64.7067
146.1597	-64.6216
146.0000	-64.6020
145.6667	-64.5673
145.3333	-64.5080
145.1742	-64.4783
145.0243	-64.3343
145.0000	-64.3097
144.8735	-64.1896
144.6910	-64.0441
144.6667	-64.0250
144.5647	-63.8978
144.6603	-63.7508
144.6667	-63.7457
144.8868	-63.6029
144.9924	-63.4544
145.0000	-63.4491
145.1690	-63.3050
145.3333	-63.1612
145.3399	-63.1549
145.6667	-63.0936
146.0000	-63.0203
146.0814	-63.0040
146.3333	-62.9631
146.6667	-62.8708
146.7327	-62.8522
147.0000	-62.8135
147.3333	-62.7570
147.5906	-62.6998
147.6667	-62.6844
148.0000	-62.6321
148.3333	-62.5684
148.4743	-62.5465
148.6667	-62.5274
149.0000	-62.5208
149.3333	-62.5259
149.6667	-62.5441
149.6851	-62.5465
150.0000	-62.6216
150.3333	-62.6698
150.6667	-62.6607
151.0000	-62.6013
151.2051	-62.5465
151.3333	-62.5058
151.6212	-62.3924
151.6667	-62.3678
151.8737	-62.2375
152.0000	-62.1829
152.3243	-62.0819
152.3333	-62.0791
152.6667	-61.9869
152.9935	-61.9254
153.0000	-61.9189
153.1755	-61.7681
153.0000	-61.6165
152.9874	-61.6100
152.6667	-61.5548
152.3333	-61.5187
152.0000	-61.4768
151.8413	-61.4511
151.6667	-61.3518
151.6147	-61.2914
151.6523	-61.1309
151.6667	-61.1197
151.8737	-60.9696
152.0000	-60.8425
152.0423	-60.8074
152.2209	-60.6444
152.2965	-60.4806
152.3234	-60.3159
152.2683	-60.1504
152.3333	-60.0750
152.5056	-59.9841
152.6667	-59.9560
152.9829	-59.9841
153.0000	-59.9857
153.3333	-60.0525
153.6321	-60.1504
153.6667	-60.1727
153.8297	-60.3159
154.0000	-60.4421
154.0411	-60.4806
154.2753	-60.6444
154.3333	-60.6835
154.5280	-60.8074
154.6667	-60.8890
154.8151	-60.9696
155.0000	-61.0508
155.3333	-61.1086
155.6132	-61.1309
155.6667	-61.1357
156.0000	-61.1542
156.3333	-61.1526
156.6016	-61.1309
156.6667	-61.1243
157.0000	-61.0713
157.3333	-61.0411
157.6667	-61.0458
158.0000	-61.0894
158.1854	-61.1309
158.3333	-61.1606
158.6667	-61.2372
158.9523	-61.2914
159.0000	-61.3004
159.3333	-61.3857
159.6667	-61.4479
159.6890	-61.4511
160.0000	-61.4927
160.3333	-61.5276
160.6667	-61.5423
161.0000	-61.5455
161.3333	-61.5469
161.6667	-61.5595
162.0000	-61.5872
162.1594	-61.6100
162.3333	-61.6773
162.5359	-61.7681
162.6667	-61.8358
162.8602	-61.9254
163.0000	-61.9812
163.3333	-62.0767
163.3531	-62.0819
163.6667	-62.1464
164.0000	-62.2216
164.0743	-62.2375
164.3333	-62.2905
164.6667	-62.3641
164.7793	-62.3924
165.0000	-62.4499
165.3333	-62.5341
165.3809	-62.5465
165.6667	-62.6148
165.9949	-62.6998
166.0000	-62.7010
166.3333	-62.7860
166.6069	-62.8522
166.6667	-62.8653
167.0000	-62.9278
167.3333	-62.9890
167.4246	-63.0040
167.6667	-63.0427
168.0000	-63.0781
168.3333	-63.1084
168.6667	-63.1365
169.0000	-63.1480
169.2091	-63.1549
169.3333	-63.1587
169.6667	-63.1690
170.0000	-63.1804
170.3333	-63.1792
170.6667	-63.2250
170.9468	-63.3050
171.0000	-63.3145
171.3333	-63.4000
171.5702	-63.4544
171.6667	-63.4703
172.0000	-63.5348
172.3333	-63.5707
172.6667	-63.5716
173.0000	-63.5832
173.3333	-63.5991
173.4281	-63.6029
173.6667	-63.6164
174.0000	-63.6513
174.3333	-63.7279
174.4004	-63.7508
174.6667	-63.8306
174.9042	-63.8978
175.0000	-63.9202
175.3333	-64.0092
175.4717	-64.0441
175.6667	-64.0934
176.0000	-64.1821
176.0273	-64.1896
176.3333	-64.2854
176.4777	-64.3343
176.6667	-64.4165
176.8036	-64.4783
177.0000	-64.5919
177.0537	-64.6216
177.3198	-64.7641
177.3333	-64.7702
177.6667	-64.8987
177.6893	-64.9058
178.0000	-65.0298
178.0547	-65.0468
178.3333	-65.1759
178.3651	-65.1871
178.6667	-65.2646
179.0000	-65.3146
179.2818	-65.3266
179.3333	-65.3284
179.6667	-65.3305
179.8483	-65.3266
180.0000	-65.3229
180.3333	-65.3051
180.6667	-65.2920
181.0000	-65.2979
181.3333	-65.3146
181.6667	-65.3253
181.7113	-65.3266
182.0000	-65.3349
182.3333	-65.3447
182.6667	-65.3597
183.0000	-65.3662
183.3333	-65.3555
183.6667	-65.3506
184.0000	-65.3426
184.2619	-65.3266
184.3333	-65.3219
184.6667	-65.2833
185.0000	-65.2454
185.3333	-65.1997
185.4189	-65.1871
185.6667	-65.1536
186.0000	-65.1082
186.3333	-65.0613
186.4373	-65.0468
186.6667	-65.0143
187.0000	-64.9697
187.3333	-64.9246
187.4924	-64.9058
187.6667	-64.8874
188.0000	-64.8507
188.3333	-64.8145
188.6667	-64.7719
188.7366	-64.7641
189.0000	-64.7338
189.3333	-64.6920
189.6667	-64.6441
189.8010	-64.6216
190.0000	-64.5891
190.3333	-64.5329
190.6333	-64.4783
190.6667	-64.4723
191.0000	-64.4094
191.3333	-64.3461
191.4056	-64.3343
191.6667	-64.2929
192.0000	-64.2440
192.3333	-64.1924
192.3483	-64.1896
192.6667	-64.1336
193.0000	-64.0741
193.1602	-64.0441
193.3333	-64.0143
193.6667	-63.9558
193.9944	-63.8978
194.0000	-63.8968
194.3333	-63.8440
194.6667	-63.7921
194.9196	-63.7508
195.0000	-63.7378
195.3333	-63.6818
195.6667	-63.6237
195.7833	-63.6029
196.0000	-63.5649
196.3333	-63.5050
196.6331	-63.4544
196.6667	-63.4486
197.0000	-63.3994
197.3333	-63.3584
197.6667	-63.3204
197.7996	-63.3050
198.0000	-63.2849
198.3333	-63.2528
198.6667	-63.2190
199.0000	-63.1814
199.2356	-63.1549
199.3333	-63.1435
199.6667	-63.1064
200.0000	-63.0712
200.3333	-63.0373
200.6664	-63.0040
200.6667	-63.0039
201.0000	-62.9685
201.3333	-62.9310
201.6667	-62.8884
201.9050	-62.8522
202.0000	-62.8392
202.3333	-62.7877
202.6667	-62.7146
202.7318	-62.6998
203.0000	-62.6338
203.2776	-62.5465
203.3333	-62.5274
203.6667	-62.4199
203.7577	-62.3924
204.0000	-62.3040
204.2251	-62.2375
204.3333	-62.2044
204.6667	-62.1238
204.8509	-62.0819
205.0000	-62.0417
205.3133	-61.9254
205.3333	-61.9173
205.6317	-61.7681
205.6667	-61.7516
205.9447	-61.6100
206.0000	-61.5891
206.3207	-61.4511
206.3333	-61.4458
206.6667	-61.2916
206.6670	-61.2914
206.9592	-61.1309
207.0000	-61.0969
207.1686	-60.9696
207.2982	-60.8074
207.3333	-60.7279
207.3758	-60.6444
207.4183	-60.4806
207.5253	-60.3159
207.6667	-60.1947
207.7120	-60.1504
208.0000	-60.0438
208.1642	-59.9841
208.3333	-59.9281
208.6478	-59.8169
208.6667	-59.8101
209.0000	-59.6905
209.0845	-59.6489
209.2473	-59.4801
209.3333	-59.4064
209.4714	-59.3104
209.6667	-59.2277
209.9033	-59.1398
210.0000	-59.1161
210.3333	-59.0121
210.4534	-58.9684
210.6667	-58.8892
210.9367	-58.7961
211.0000	-58.7745
211.3333	-58.6771
211.5968	-58.6230
211.6667	-58.5899
212.0000	-58.4674
212.0748	-58.4490
212.3333	-58.3278
212.4455	-58.2742
212.5543	-58.0984
212.6667	-58.0745
213.0000	-58.0076
213.3333	-57.9484
213.5312	-57.9218
213.6667	-57.9112
214.0000	-57.8950
214.3333	-57.8903
214.6667	-57.9001
214.8917	-57.9218
215.0000	-57.9442
215.3333	-58.0832
215.3558	-58.0984
215.5525	-58.2742
215.6667	-58.3031
216.0000	-58.3450
216.3333	-58.3864
216.6667	-58.4163
217.0000	-58.4421
217.0651	-58.4490
217.3333	-58.4841
217.6667	-58.5562
217.8409	-58.6230
218.0000	-58.7156
218.1322	-58.7961
218.3333	-58.8985
218.5025	-58.9684
218.6667	-59.0148
219.0000	-59.0860
219.2701	-59.1398
219.3333	-59.1528
219.6667	-59.2270
220.0000	-59.3009
220.0433	-59.3104
220.3333	-59.4454
220.4062	-59.4801
220.4849	-59.6489
220.3851	-59.8169
220.3333	-59.8695
220.1716	-59.9841
220.0932	-60.1504
220.2356	-60.3159
220.3333	-60.3589
220.6667	-60.4698
220.7126	-60.4806
221.0000	-60.5362
221.3333	-60.6042
221.5626	-60.6444
221.6667	-60.6602
222.0000	-60.7158
222.3333	-60.7811
222.4528	-60.8074
222.6667	-60.8823
222.8468	-60.9696
223.0000	-61.1208
223.0094	-61.1309
223.0716	-61.2914
223.1610	-61.4511
223.2288	-61.6100
223.3333	-61.7044
223.4010	-61.7681
223.5536	-61.9254
223.6111	-62.0819
223.5868	-62.2375
223.5718	-62.3924
223.5622	-62.5465
223.5595	-62.6998
223.5952	-62.8522
223.6667	-62.9110
223.7535	-63.0040
223.8933	-63.1549
223.9766	-63.3050
224.0000	-63.3664
224.0273	-63.4544
224.0665	-63.6029
224.1066	-63.7508
224.1377	-63.8978
224.1248	-64.0441
224.1312	-64.1896
224.1813	-64.3343
224.2094	-64.4783
224.2459	-64.6216
224.2838	-64.7641
224.3120	-64.9058
224.3333	-64.9895
224.3496	-65.0468
224.3510	-65.1871
224.4407	-65.3266
224.5540	-65.4654
224.6667	-65.5661
224.7019	-65.6034
224.7682	-65.7407
224.8721	-65.8773
224.9594	-66.0132
225.0000	-66.0958
225.0237	-66.1483
225.0000	-66.1690
224.8443	-66.2828
224.9264	-66.4165
225.0000	-66.4983
225.0389	-66.5495
225.1461	-66.6818
225.3333	-66.8115
225.3370	-66.8134
225.4693	-66.9443
225.5682	-67.0745
225.5917	-67.2040
225.6667	-67.2121
226.0000	-67.3040
226.0658	-67.3328
226.0000	-67.4421
225.9948	-67.4609
299.2477	-65.0468
299.1503	-64.9058
299.1673	-64.7641
299.0000	-64.6717
298.9948	-64.6216
299.0000	-64.5749
299.2287	-64.4783
299.3333	-64.4624
299.5238	-64.3343
299.6667	-64.2849
300.0000	-64.2398
300.3333	-64.2414
300.6321	-64.3343
300.6667	-64.3506
301.0000	-64.3962
301.0472	-64.3343
301.0996	-64.1896
301.0839	-64.0441
301.0361	-63.8978
301.1306	-63.7508
301.2001	-63.6029
301.3333	-63.5073
301.3926	-63.4544
301.5318	-63.3050
301.6120	-63.1549
301.6001	-63.0040
301.5251	-62.8522
301.3333	-62.7095
301.2839	-62.6998
301.1936	-62.5465
301.3286	-62.3924
301.3333	-62.3909
301.6667	-62.2450
301.6908	-62.2375
302.0000	-62.1377
302.3333	-62.0935
302.3774	-62.0819
302.6667	-62.0036
302.8789	-61.9254
302.9409	-61.7681
302.9161	-61.6100
303.0000	-61.4975
303.0320	-61.4511
303.3333	-61.2927
303.3364	-61.2914
303.6667	-61.1524
303.7089	-61.1309
304.0000	-61.0090
304.0862	-60.9696
304.3333	-60.8370
304.4123	-60.8074
304.6667	-60.7537
305.0000	-60.7065
305.3012	-60.6444
305.3333	-60.6374
305.6667	-60.5373
305.8204	-60.4806
305.9706	-60.3159
306.0000	-60.2401
306.0671	-60.1504
306.3333	-60.0349
306.6139	-59.9841
306.6667	-59.9749
306.7000	-59.9841
307.0000	-60.0914
307.1153	-60.1504
307.3333	-60.1917
307.6667	-60.1897
307.9764	-60.1504
308.0000	-60.1469
308.3333	-60.0427
308.4856	-59.9841
308.6667	-59.9042
308.8344	-59.8169
309.0000	-59.6913
309.0458	-59.6489
309.1582	-59.4801
309.2555	-59.3104
309.3333	-59.2259
309.4155	-59.1398
309.5152	-58.9684
309.6667	-58.8064
309.6768	-58.7961
309.9958	-58.6230
310.0000	-58.6222
310.3333	-58.5887
310.6667	-58.5884
311.0000	-58.6086
311.1515	-58.6230
311.3333	-58.6483
311.6667	-58.7045
312.0000	-58.7698
312.1160	-58.7961
312.3333	-58.8623
312.6569	-58.9684
312.6667	-58.9720
313.0000	-59.1375
313.0047	-59.1398
313.3333	-59.2852
313.4065	-59.3104
313.6667	-59.3912
313.9621	-59.4801
314.0000	-59.4889
314.3333	-59.5418
314.6667	-59.5796
315.0000	-59.5878
315.3333	-59.5627
315.6371	-59.4801
315.6667	-59.4672
315.8621	-59.3104
316.0000	-59.1812
316.0397	-59.1398
316.0208	-58.9684
316.0000	-58.9241
315.9124	-58.7961
315.6703	-58.6230
315.6667	-58.6215
315.3333	-58.5348
315.1529	-58.4490
315.2467	-58.2742
315.3333	-58.2220
315.6548	-58.0984
315.6667	-58.0867
316.0000	-58.0924
316.0136	-58.0984
316.3333	-58.1578
316.6667	-58.2104
317.0000	-58.2000
317.3333	-58.1656
317.6667	-58.1106
317.7198	-58.0984
318.0000	-57.9453
318.3333	-57.9406
318.6667	-58.0408
318.8986	-58.0984
319.0000	-58.1199
319.3333	-58.1644
319.6667	-58.1955
320.0000	-58.2326
320.3333	-58.2513
320.6667	-58.2726
320.6972	-58.2742
321.0000	-58.2910
321.1311	-58.2742
321.3333	-58.2310
321.5416	-58.0984
321.6667	-58.0125
321.7686	-57.9218
321.9515	-57.7444
322.0000	-57.6997
322.1936	-57.5660
322.3333	-57.4670
322.5048	-57.3868
322.6667	-57.2711
322.7924	-57.2067
323.0000	-57.0937
323.3333	-57.0762
323.6667	-57.1816
323.7195	-57.2067
324.0000	-57.2949
324.3333	-57.3723
324.4202	-57.3868
324.6667	-57.4186
325.0000	-57.4347
325.3333	-57.4266
325.5965	-57.3868
325.6667	-57.3736
326.0000	-57.2729
326.1961	-57.2067
326.3333	-57.1493
326.6464	-57.0258
326.6667	-57.0173
327.0000	-56.9153
327.3333	-56.8704
327.6667	-56.8699
328.0000	-56.9307
328.3333	-56.9675
328.4986	-56.8439
328.6528	-56.6611
328.6667	-56.6399
328.7782	-56.4775
328.8837	-56.2930
328.9872	-56.1075
328.6828	-55.9212
328.7996	-55.7340
328.8842	-55.5459
328.7838	-55.3568
328.6667	-55.2963
328.4231	-55.1669
328.3333	-55.1250
328.1296	-54.9760
328.0000	-54.7938
327.9950	-54.7843
327.9952	-54.5916
328.0000	-54.5869
328.2749	-54.3980
328.3333	-54.3570
328.6667	-54.2649
329.0000	-54.2258
329.3333	-54.2133
329.6667	-54.2332
330.0000	-54.3214
330.1156	-54.3980
330.3333	-54.4553
330.6667	-54.5267
331.0000	-54.5760
331.1160	-54.5916
331.3333	-54.6223
331.6667	-54.6273
332.0000	-54.6652
332.3333	-54.7303
332.6096	-54.7843
332.6667	-54.7938
333.0000	-54.8722
333.2725	-54.9760
333.3333	-55.0045
333.5611	-55.1669
333.6667	-55.3403
333.6750	-55.3568
333.7863	-55.5459
333.9754	-55.7340
334.0000	-55.7513
334.2392	-55.9212
334.3333	-55.9723
334.6167	-56.1075
334.6667	-56.1302
335.0000	-56.2793
335.0264	-56.2930
335.3333	-56.4620
335.3591	-56.4775
335.6224	-56.6611
335.6667	-56.6972
335.8667	-56.8439
336.0000	-56.9925
336.0326	-57.0258
336.1949	-57.2067
336.3088	-57.3868
336.3333	-57.4208
336.4508	-57.5660
336.6002	-57.7444
336.6667	-57.8154
336.8198	-57.9218
337.0000	-58.0407
337.1811	-58.0984
337.3333	-58.1584
337.6667	-58.1513
337.8116	-58.0984
338.0000	-58.0191
338.1723	-57.9218
338.3333	-57.8020
338.4248	-57.7444
338.6079	-57.5660
338.6562	-57.3868
338.5470	-57.2067
338.4822	-57.0258
338.4802	-56.8439
338.6667	-56.8216
338.9126	-56.8439
339.0000	-56.8643
339.3333	-56.9484
339.5705	-57.0258
339.6667	-57.1904
339.6812	-57.2067
339.6667	-57.2117
339.4276	-57.3868
339.5332	-57.5660
339.6667	-57.6004
340.0000	-57.6671
340.3333	-57.7166
340.4984	-57.7444
340.6667	-57.7619
341.0000	-57.8112
341.3333	-57.8722
341.5071	-57.9218
341.6667	-57.9484
342.0000	-58.0086
342.3333	-58.0610
342.6667	-58.0847
343.0000	-58.0650
343.3333	-57.9946
343.6510	-57.9218
343.6667	-57.9181
344.0000	-57.8585
344.3333	-57.8218
344.6667	-57.8077
345.0000	-57.8119
345.3333	-57.8377
345.6667	-57.8729
346.0000	-57.9185
346.0328	-57.9218
346.3333	-57.9468
346.6667	-58.0013
347.0000	-58.0062
347.3333	-57.9694
347.6667	-57.9286
347.7023	-57.9218
348.0000	-57.8652
348.3333	-57.8102
348.6667	-57.7587
348.7968	-57.7444
349.0000	-57.7179
349.3333	-57.6993
349.6667	-57.6940
350.0000	-57.6942
350.3333	-57.7063
350.6667	-57.7124
351.0000	-57.6961
351.3333	-57.6312
351.5642	-57.5660
351.3333	-57.4144
351.2981	-57.3868
351.3333	-57.3704
351.6260	-57.2067
351.6667	-57.1658
351.8076	-57.0258
351.9736	-56.8439
352.0000	-56.8358
352.3333	-56.7641
352.6667	-56.7057
352.9345	-56.6611
353.0000	-56.6484
353.3333	-56.5984
353.6667	-56.5529
354.0000	-56.4885
354.0493	-56.4775
354.3333	-56.4053
354.6667	-56.3367
354.8380	-56.2930
355.0000	-56.2551
355.3333	-56.1921
355.6667	-56.1393
355.8779	-56.1075
356.0000	-56.0841
356.3333	-56.0396
356.6667	-56.0047
357.0000	-55.9753
357.3333	-55.9572
357.6667	-55.9266
357.7140	-55.9212
358.0000	-55.8833
358.3333	-55.8360
358.6667	-55.7698
358.8301	-55.7340
359.0000	-55.6928
359.3333	-55.6013
359.5653	-55.5459
359.6667	-55.5258
293.6667	-66.1495
293.6622	-66.1483
293.3333	-66.0405
293.0000	-66.0362
292.6667	-66.0732
292.3333	-66.0787
292.0000	-66.1186
291.6692	-66.1483
291.6667	-66.1486
291.6652	-66.1483
291.3333	-66.0283
291.3109	-66.0132
291.1802	-65.8773
291.0000	-65.8187
290.8597	-65.7407
290.7732	-65.6034
290.7480	-65.4654
290.7946	-65.3266
290.9310	-65.1871
291.0000	-65.1343
291.1352	-65.0468
291.3333	-64.9586
291.4876	-64.9058
291.6667	-64.8549
292.0000	-64.7744
292.0492	-64.7641
292.3333	-64.6699
292.4516	-64.6216
292.6667	-64.5536
292.9634	-64.4783
293.0000	-64.4699
293.3333	-64.4288
293.6667	-64.3729
293.7311	-64.3343
293.9523	-64.1896
294.0000	-64.1459
294.1043	-64.0441
294.2865	-63.8978
294.3333	-63.8833
294.6667	-63.8421
295.0000	-63.8453
295.3333	-63.8457
295.6667	-63.7766
295.9193	-63.7508
296.0000	-63.7433
296.0428	-63.7508
296.3333	-63.8195
296.4573	-63.8978
296.3827	-64.0441
296.3333	-64.0982
296.2172	-64.1896
296.0982	-64.3343
296.0769	-64.4783
296.0525	-64.6216
296.3333	-64.7024
296.4103	-64.7641
296.5026	-64.9058
296.4046	-65.0468
